1 11.546 19.120 8.426e+002 21.38 13.78 103.5 973
2 31.093 10.474 4.564e+002 13.81 10.33 132.1 527
3 40.808 0.600 1.126e+001 3.21 1.63 21.1 13
4 47.163 1.813 3.724e+001 5.01 2.36 161.5 43
5 56.440 8.465 2.148e+002 11.30 6.14 73.3 248
6 70.191 1.452 5.889e+001 8.50 2.28 178.1 68
7 80.627 6.463 9.180e+001 7.86 3.84 69.5 106
8 87.060 7.309 6.495e+001 7.21 2.97 73.9 75
9 90.000 1.664 4.417e+001 6.51 2.57 177.5 51
10 105.164 1.299 5.023e+001 9.00 1.87 178.2 58
11 114.446 28.592 1.005e+003 26.93 12.54 101.2 1160
12 123.951 2.480 7.015e+001 7.51 2.91 177.8 81
13 136.900 5.278 1.827e+002 10.15 5.45 155.7 211
14 151.351 6.702 1.689e+002 9.50 5.80 58.3 195
15 160.868 1.459 3.291e+001 4.80 2.13 8.6 38
16 176.905 4.498 1.879e+002 12.00 4.88 11.8 217
17 186.154 0.799 1.126e+001 2.75 1.36 24.8 13
18 205.645 7.218 5.118e+002 18.72 9.48 8.9 591
19 227.722 2.374 4.677e+001 4.93 2.98 144.2 54
20 241.332 8.603 3.300e+002 12.03 9.06 64.1 381
21 95.034 5.871 5.110e+001 5.86 2.93 99.8 59
22 102.837 10.821 1.645e+002 9.07 5.48 52.7 190
23 163.959 11.571 2.113e+002 10.05 6.14 45.9 244
24 72.620 21.008 6.487e+002 19.86 9.89 70.9 749
25 47.150 18.584 2.867e+002 12.86 6.71 81.1 331
26 186.235 18.198 3.386e+002 12.27 8.11 3.4 391
27 229.428 22.674 5.612e+002 17.92 9.60 67.9 648
28 125.917 8.516 5.196e+000 1.53 1.04 109.1 6
29 139.734 27.271 1.014e+003 21.70 14.13 45.4 1171
30 93.067 25.512 4.339e+002 17.02 8.11 77.3 501
31 173.982 14.423 4.763e+001 5.62 2.57 71.9 55
32 209.802 22.577 2.598e+002 10.77 7.33 102.1 300
33 159.183 24.706 1.065e+002 12.06 4.65 125.5 123
34 247.815 19.053 2.338e+001 3.69 2.28 138.3 27
35 166.560 31.862 3.490e+002 15.63 6.90 112.6 403
36 246.416 27.253 9.786e+001 7.59 3.87 68.8 113
37 30.393 33.741 3.265e+002 14.64 7.40 112.1 377
38 59.141 25.683 5.543e+001 5.30 3.16 52.2 64
39 197.215 39.872 6.409e+002 18.35 10.11 87.7 740
40 180.520 29.768 6.495e+001 6.60 3.00 49.9 75
41 40.474 38.028 2.035e+002 11.86 5.79 105.9 235
42 57.107 40.878 5.508e+002 16.10 10.52 168.1 636
43 216.887 36.621 1.723e+002 8.89 6.12 81.9 199
44 2.064 33.908 3.377e+001 4.58 2.53 49.1 39
45 242.431 34.521 3.118e+001 4.16 2.27 103.9 36
46 172.372 47.365 4.356e+002 16.65 8.24 136.1 503
47 87.628 43.101 2.434e+002 10.56 6.75 6.3 281
48 248.198 38.286 3.724e+001 5.89 1.96 72.7 43
49 230.679 44.450 2.711e+002 11.77 6.61 56.5 313
50 7.424 50.739 3.256e+002 14.57 7.24 82.1 376
51 0.891 43.870 2.771e+001 6.64 1.31 90.0 32
52 244.260 44.223 1.083e+002 7.59 4.27 68.8 125
53 21.459 44.952 7.361e+001 6.33 3.50 41.4 85
54 76.470 45.408 5.802e+001 6.33 2.82 78.6 67
55 15.500 43.951 2.078e+001 4.01 1.87 64.1 24
56 154.341 50.573 1.879e+002 9.71 5.92 108.0 217
57 213.348 44.130 1.992e+001 4.07 1.86 37.1 23
58 95.654 61.610 5.162e+002 18.10 8.58 105.2 596
59 188.206 60.381 4.668e+002 15.94 10.18 51.1 539
60 65.119 55.583 3.048e+002 13.19 7.20 155.4 352
61 214.133 60.282 6.002e+002 16.44 10.55 79.5 693
62 118.068 54.549 3.637e+002 15.73 7.82 150.9 420
63 141.830 54.531 2.373e+002 11.27 6.79 56.3 274
64 40.833 55.067 1.065e+002 9.39 3.67 69.7 123
65 81.894 52.145 4.503e+001 4.80 3.07 68.6 52
66 240.293 51.159 3.551e+001 4.01 2.64 175.9 41
67 21.649 62.740 3.516e+002 17.27 6.65 62.4 406
68 32.960 59.870 2.615e+002 14.49 5.99 75.0 302
69 247.830 53.792 4.590e+001 5.48 2.47 103.2 53
70 48.118 59.080 1.065e+002 8.74 3.69 73.4 123
71 76.994 72.176 6.054e+002 17.93 10.28 93.2 699
72 229.778 58.460 9.959e+001 6.81 4.40 137.3 115
73 240.196 60.145 1.212e+002 7.78 4.62 114.7 140
74 120.264 73.034 8.721e+002 22.43 12.42 157.7 1007
75 1.040 62.492 2.165e+001 5.01 1.42 78.5 25
76 162.943 71.773 7.197e+002 19.07 11.47 14.0 831
77 153.429 59.632 6.062e+000 3.33 0.93 167.5 7
78 234.375 61.271 6.928e+000 2.84 0.82 105.3 8
79 247.711 64.244 6.149e+001 6.81 2.66 77.3 71
80 57.917 77.015 4.036e+002 16.44 7.74 79.5 466
81 140.636 76.963 2.581e+002 12.39 6.61 98.1 298
82 231.057 69.236 1.134e+002 7.78 5.09 54.7 131
83 7.187 82.149 4.936e+002 18.47 9.28 97.0 570
84 44.017 76.327 2.771e+002 11.54 7.76 81.3 320
85 183.443 71.096 4.590e+001 7.11 2.46 36.1 53
86 243.807 74.384 1.680e+002 9.28 5.50 55.5 194
87 21.743 78.066 2.191e+002 11.62 6.60 41.2 253
88 193.402 93.253 1.995e+003 33.63 18.16 8.6 2304
89 149.564 84.913 1.221e+002 11.54 3.38 81.3 141
90 225.800 86.586 4.044e+002 15.12 8.48 79.5 467
91 235.306 74.238 1.559e+001 3.01 1.56 125.5 18
92 237.662 83.675 1.230e+002 8.43 4.46 83.2 142
93 32.516 94.006 4.703e+002 15.75 8.97 87.3 543
94 93.266 83.090 1.238e+002 8.04 4.59 141.1 143
95 249.278 82.850 7.794e+000 2.18 0.93 83.4 9
96 108.801 97.442 4.529e+002 16.33 8.55 65.6 523
97 244.364 93.038 1.749e+002 10.37 6.00 111.2 202
98 74.847 96.732 5.335e+002 15.94 9.90 51.1 616
99 128.822 95.009 2.988e+002 11.86 7.74 45.9 345
100 43.843 116.239 7.093e+002 25.59 10.02 110.6 819
101 15.621 97.083 1.611e+002 10.05 5.12 105.9 186
102 94.049 99.749 2.979e+002 12.66 7.51 50.8 344
103 143.297 100.360 3.109e+002 13.84 6.65 66.6 359
104 56.637 107.354 4.122e+002 14.87 8.22 89.0 476
105 157.999 104.551 3.187e+002 12.57 7.89 77.4 368
106 235.474 96.529 3.377e+001 4.51 2.27 123.7 39
108 249.000 98.851 1.212e+001 3.33 1.34 107.5 14
109 1.158 101.462 1.645e+001 3.21 1.55 81.1 19
110 117.750 106.355 4.503e+001 7.18 1.99 100.0 52
111 230.993 110.276 2.347e+002 12.83 5.70 133.0 271
112 4.083 101.181 5.196e+000 1.89 0.94 22.4 6
113 220.500 103.057 6.062e+000 3.51 0.78 124.7 7
114 9.350 110.730 1.732e+002 9.57 5.73 53.1 200
115 222.362 108.133 1.126e+002 9.57 4.24 113.1 130
116 243.752 111.344 2.148e+002 10.54 6.33 73.5 248
117 249.156 103.869 1.386e+001 3.50 1.18 81.8 16
118 24.120 109.146 1.992e+002 10.54 5.83 13.5 230
119 126.362 110.533 2.191e+002 9.88 6.58 170.8 253
120 1.907 110.938 6.062e+001 7.97 2.74 95.4 70
121 175.856 113.885 2.581e+002 11.18 6.73 49.6 298
122 186.750 115.968 8.487e+001 9.22 3.04 72.7 98
123 76.842 116.537 3.005e+002 11.73 7.27 136.4 347
124 99.026 115.527 1.325e+002 7.65 5.32 101.3 153
125 90.162 117.869 1.178e+002 9.00 4.02 58.2 136
126 139.529 122.363 4.001e+002 13.05 8.82 136.7 462
127 110.980 124.019 3.646e+002 13.53 7.99 103.9 421
128 154.434 119.157 1.057e+002 7.59 4.11 51.2 122
129 165.378 121.915 1.697e+002 8.98 5.74 78.8 196
130 35.085 139.185 1.023e+003 29.19 11.04 50.0 1181
131 205.193 141.971 1.790e+003 29.87 18.54 102.6 2067
132 62.200 123.956 1.775e+002 9.57 5.53 113.1 205
133 0.458 121.027 1.039e+001 4.04 0.71 90.0 12
134 9.180 124.684 1.879e+002 9.22 6.56 47.3 217
135 239.731 121.310 5.629e+001 5.80 3.07 7.2 65
136 124.497 126.114 1.429e+002 8.61 5.12 103.4 165
137 230.473 120.565 3.204e+001 4.31 2.27 9.6 37
138 226.252 128.317 1.290e+002 9.88 4.02 69.2 149
139 249.227 122.110 9.526e+000 2.65 1.07 79.1 11
140 246.478 126.401 5.889e+001 5.48 3.54 76.8 68
141 91.179 127.002 1.134e+002 9.28 4.52 4.5 131
142 179.043 133.152 3.923e+002 12.79 9.08 143.3 453
143 239.079 133.969 2.970e+002 12.95 8.81 41.1 343
144 155.457 139.198 5.084e+002 16.29 9.91 82.9 587
145 0.400 126.786 4.330e+000 1.89 0.71 97.6 5
146 74.833 133.726 3.014e+002 12.50 7.14 178.7 348
147 3.963 134.242 9.266e+001 7.09 3.61 69.4 107
148 100.460 138.619 2.607e+002 12.00 7.13 39.6 301
149 249.250 134.186 1.559e+001 4.33 1.07 90.0 18
150 116.623 140.771 2.035e+002 9.83 6.17 100.3 235
151 129.035 138.087 1.117e+002 7.18 4.55 140.0 129
152 89.977 147.273 3.577e+002 14.01 7.91 75.5 413
153 11.421 136.331 3.291e+001 4.31 2.28 69.6 38
154 58.587 138.574 7.448e+001 7.59 3.23 111.2 86
155 140.606 146.421 3.118e+002 14.29 6.98 71.7 360
156 229.406 148.836 2.858e+002 12.17 7.46 110.4 330
157 16.846 150.178 2.468e+002 12.47 6.23 79.6 285
158 8.952 143.938 6.322e+001 5.86 3.78 80.2 73
159 68.831 155.136 7.517e+002 17.27 12.99 57.6 868
160 2.542 144.771 6.235e+001 6.25 3.22 83.1 72
161 168.497 154.624 3.897e+002 13.48 8.91 109.5 450
162 24.903 146.863 6.235e+001 8.04 2.44 98.9 72
163 26.520 156.457 1.507e+002 13.90 3.53 102.5 174
164 243.596 150.405 1.801e+002 10.37 5.52 128.8 208
165 179.829 148.615 1.316e+002 9.88 4.43 50.8 152
166 128.068 158.922 5.101e+002 16.06 9.48 78.3 589
167 111.230 156.458 2.330e+002 11.86 7.29 74.1 269
168 6.575 157.213 1.394e+002 9.75 4.40 82.6 161
169 0.333 152.420 5.196e+000 2.31 0.64 90.0 6
170 246.911 167.863 1.801e+002 15.59 3.46 90.0 208
171 103.324 167.920 3.551e+002 14.57 7.48 82.1 410
172 1.855 164.659 6.582e+001 9.67 2.08 91.5 76
173 152.191 160.906 1.247e+002 7.42 5.18 47.6 144
174 231.048 170.574 5.646e+002 15.22 11.32 102.3 652
175 178.363 176.308 1.253e+003 26.96 14.69 172.9 1447
176 43.392 173.960 8.461e+002 21.00 12.37 25.2 977
177 87.295 165.435 1.264e+002 8.58 4.43 127.7 146
178 142.015 175.470 4.140e+002 14.51 8.65 95.9 478
179 15.205 167.012 1.264e+002 7.78 4.85 174.7 146
180 211.830 178.076 2.858e+002 11.86 7.02 112.3 330
181 5.526 182.339 3.022e+002 15.83 5.62 96.3 349
182 62.595 177.319 1.455e+002 10.54 4.53 88.6 168
183 74.308 177.104 2.416e+002 11.18 6.48 130.4 279
184 92.531 178.638 2.789e+002 11.93 7.03 37.2 322
185 122.033 185.242 5.828e+002 17.74 9.96 69.4 673
186 26.076 206.872 2.132e+003 36.10 18.62 88.4 2462
187 243.263 179.677 1.645e+001 3.01 1.64 174.5 19
188 108.058 185.430 9.699e+001 6.71 4.36 98.6 112
189 80.569 198.281 5.196e+002 16.44 9.84 100.5 600
190 239.162 184.030 2.944e+001 3.69 2.43 41.7 34
191 245.861 186.504 9.007e+001 6.33 4.09 101.4 104
192 158.672 205.091 1.659e+003 28.40 17.63 155.1 1916
193 220.723 197.312 6.045e+002 16.36 11.41 81.2 698
194 201.582 189.324 8.487e+001 7.18 3.69 160.0 98
195 66.667 194.292 1.637e+002 10.54 4.82 88.6 189
196 237.704 194.674 2.018e+002 10.77 5.75 63.8 233
197 94.607 192.715 1.542e+002 8.50 5.48 40.2 178
198 54.413 198.125 2.693e+002 11.56 6.80 114.3 311
199 104.292 192.817 5.629e+001 5.13 3.39 167.0 65
200 137.740 191.508 4.503e+001 5.13 2.58 73.0 52
201 191.774 193.263 2.685e+001 4.91 1.88 150.0 31
202 247.556 196.462 5.369e+001 5.62 2.84 108.1 62
203 133.550 200.949 9.613e+001 8.39 3.42 93.4 111
204 201.882 195.484 4.417e+001 5.39 2.54 22.0 51
205 103.058 208.419 5.724e+002 17.21 10.33 158.4 661
206 198.436 202.472 2.650e+002 15.04 6.10 21.4 306
207 3.253 210.983 1.628e+002 12.47 4.33 79.6 188
208 122.585 206.139 1.533e+002 8.50 5.37 139.8 177
209 246.516 206.419 7.881e+001 6.29 4.42 53.4 91
210 59.916 211.252 1.542e+002 9.28 5.12 124.5 178
211 235.254 207.566 5.629e+001 5.86 2.86 140.2 65
212 70.278 214.065 1.247e+002 9.09 4.03 75.7 144
213 183.430 230.604 1.617e+003 32.47 14.88 142.5 1867
214 235.656 223.555 6.487e+002 20.19 8.63 108.0 749
215 131.300 212.397 4.763e+001 5.48 2.65 76.8 55
216 218.033 215.162 1.585e+002 9.50 5.06 58.3 183
217 50.933 214.012 5.802e+001 6.33 2.93 101.4 67
218 124.497 224.575 4.131e+002 16.27 8.36 62.5 477
219 81.822 221.317 2.511e+002 11.06 7.04 114.0 290
220 211.534 226.564 2.667e+002 11.02 7.33 84.8 308
221 65.310 227.365 2.797e+002 11.88 7.11 85.2 323
222 132.237 218.922 1.645e+001 3.51 1.55 55.3 19
223 53.697 227.261 1.386e+002 9.57 4.64 53.1 160
224 97.915 238.135 1.463e+003 31.50 15.27 179.5 1689
225 140.412 229.153 1.966e+002 10.30 6.64 41.2 227
226 4.964 224.115 3.637e+001 5.35 2.12 27.3 42
227 7.091 238.813 3.421e+002 14.41 7.21 68.6 395
228 156.568 231.490 1.464e+002 8.40 6.18 109.1 169
229 39.849 235.355 2.607e+002 14.85 5.75 163.6 301
230 242.026 241.604 3.525e+002 14.05 8.42 124.7 407
231 220.182 238.725 1.663e+002 9.09 6.19 75.7 192
232 149.799 243.657 2.174e+002 10.28 6.52 56.0 251
233 54.933 242.046 1.481e+002 9.75 5.28 142.6 171
234 205.718 245.279 3.022e+002 14.34 6.23 173.6 349
235 138.848 242.929 1.256e+002 8.19 4.71 72.2 145
236 38.087 246.233 2.425e+002 12.21 6.48 15.8 280
237 130.752 246.858 1.100e+002 7.77 5.30 44.9 127
238 20.126 246.896 1.238e+002 8.81 4.39 148.4 143
239 61.600 247.603 1.126e+002 8.40 4.02 169.1 130
240 227.941 244.932 1.472e+001 3.01 1.91 54.5 17
241 223.274 249.108 5.369e+001 6.25 2.82 23.1 62
242 1.778 249.896 1.559e+001 3.50 1.50 38.2 18
243 231.196 249.679 1.992e+001 4.07 1.37 22.9 23
244 72.632 250.600 1.645e+001 4.65 1.38 14.4 19
